0 0 -0.25 0
0 0 -0.25 1
0.065385 0.072674 -0.239 1
0.13077 0.14535 -0.228 1
0.19616 0.21802 -0.217 1
0.26154 0.2907 -0.206 1
0.32693 0.36337 -0.195 1
0.39231 0.43605 -0.184 1
0.4577 0.50872 -0.173 1
0.52308 0.58139 -0.162 1
0.58847 0.65407 -0.151 1
0.65385 0.72674 -0.14 1
0.71924 0.79942 -0.129 1
0.78462 0.87209 -0.118 1
0.85001 0.94477 -0.107 1
0.91539 1.0174 -0.096 1
0.98078 1.0901 -0.085 1
1.0462 1.1628 -0.074 1
1.1115 1.2355 -0.063 1
1.1769 1.3081 -0.052 1
1.2423 1.3808 -0.041 1
1.3077 1.4535 -0.03 1
1.3077 1.4535 -0.03 1
1.3077 1.4535 -0.0245 1
1.3077 1.4535 -0.019 1
1.3077 1.4535 -0.0135 1
1.3077 1.4535 -0.008 1
1.3077 1.4535 -0.0025 1
1.3077 1.4535 0.003 1
1.3077 1.4535 0.0085 1
1.3077 1.4535 0.014 1
1.3077 1.4535 0.0195 1
1.3077 1.4535 0.025 1
1.3077 1.4535 0.0305 1
1.3077 1.4535 0.036 1
1.3077 1.4535 0.0415 1
1.3077 1.4535 0.047 1
1.3077 1.4535 0.0525 1
1.3077 1.4535 0.058 1
1.3077 1.4535 0.0635 1
1.3077 1.4535 0.069 1
1.3077 1.4535 0.0745 1
1.3077 1.4535 0.08 1
1.3077 1.4535 0.08 1
1.3077 1.4535 0.0695 1
1.3077 1.4535 0.059 1
1.3077 1.4535 0.0485 1
1.3077 1.4535 0.038 1
1.3077 1.4535 0.0275 1
1.3077 1.4535 0.017 1
1.3077 1.4535 0.0065 1
1.3077 1.4535 -0.004 1
1.3077 1.4535 -0.0145 1
1.3077 1.4535 -0.025 1
1.3077 1.4535 -0.0355 1
1.3077 1.4535 -0.046 1
1.3077 1.4535 -0.0565 1
1.3077 1.4535 -0.067 1
1.3077 1.4535 -0.0775 1
1.3077 1.4535 -0.088 1
1.3077 1.4535 -0.0985 1
1.3077 1.4535 -0.109 1
1.3077 1.4535 -0.1195 1
1.3077 1.4535 -0.13 1
1.3077 1.4535 -0.13 1
1.268 1.4081 -0.125 1
1.2282 1.3626 -0.12 1
1.1885 1.3172 -0.115 1
1.1488 1.2718 -0.11 1
1.109 1.2263 -0.105 1
1.0693 1.1809 -0.1 1
1.0295 1.1355 -0.095 1
0.9898 1.09 -0.09 1
0.95007 1.0446 -0.085 1
0.91033 0.99919 -0.08 1
0.87059 0.95376 -0.075 1
0.83085 0.90833 -0.07 1
0.79112 0.8629 -0.065 1
0.75138 0.81747 -0.06 1
0.71164 0.77204 -0.055 1
0.6719 0.72661 -0.05 1
0.63217 0.68118 -0.045 1
0.59243 0.63575 -0.04 1
0.55269 0.59032 -0.035 1
0.51295 0.54489 -0.03 1
0.51295 0.54489 -0.03 1
0.51295 0.54489 -0.02 1
0.51295 0.54489 -0.01 1
0.51295 0.54489 2.4286e-17 1
0.51295 0.54489 0.01 1
0.51295 0.54489 0.02 1
0.51295 0.54489 0.03 1
0.51295 0.54489 0.04 1
0.51295 0.54489 0.05 1
0.51295 0.54489 0.06 1
0.51295 0.54489 0.07 1
0.51295 0.54489 0.08 1
0.51295 0.54489 0.09 1
0.51295 0.54489 0.1 1
0.51295 0.54489 0.11 1
0.51295 0.54489 0.12 1
0.51295 0.54489 0.13 1
0.51295 0.54489 0.14 1
0.51295 0.54489 0.15 1
0.51295 0.54489 0.16 1
0.51295 0.54489 0.17 1
0.51295 0.54489 0.17 0
0.51295 0.54489 0.155 0
0.51295 0.54489 0.14 0
0.51295 0.54489 0.125 0
0.51295 0.54489 0.11 0
0.51295 0.54489 0.095 0
0.51295 0.54489 0.08 0
0.51295 0.54489 0.065 0
0.51295 0.54489 0.05 0
0.51295 0.54489 0.035 0
0.51295 0.54489 0.02 0
0.51295 0.54489 0.005 0
0.51295 0.54489 -0.01 0
0.51295 0.54489 -0.025 0
0.51295 0.54489 -0.04 0
0.51295 0.54489 -0.055 0
0.51295 0.54489 -0.07 0
0.51295 0.54489 -0.085 0
0.51295 0.54489 -0.1 0
0.51295 0.54489 -0.115 0
0.51295 0.54489 -0.13 0
0.51295 0.54489 -0.13 1
0.55269 0.59032 -0.125 1
0.59243 0.63575 -0.12 1
0.63217 0.68118 -0.115 1
0.6719 0.72661 -0.11 1
0.71164 0.77204 -0.105 1
0.75138 0.81747 -0.1 1
0.79112 0.8629 -0.095 1
0.83085 0.90833 -0.09 1
0.87059 0.95376 -0.085 1
0.91033 0.99919 -0.08 1
0.95007 1.0446 -0.075 1
0.9898 1.09 -0.07 1
1.0295 1.1355 -0.065 1
1.0693 1.1809 -0.06 1
1.109 1.2263 -0.055 1
1.1488 1.2718 -0.05 1
1.1885 1.3172 -0.045 1
1.2282 1.3626 -0.04 1
1.268 1.4081 -0.035 1
1.3077 1.4535 -0.03 1
1.3077 1.4535 -0.03 1
1.3077 1.4535 -0.023 1
1.3077 1.4535 -0.016 1
1.3077 1.4535 -0.009 1
1.3077 1.4535 -0.002 1
1.3077 1.4535 0.005 1
1.3077 1.4535 0.012 1
1.3077 1.4535 0.019 1
1.3077 1.4535 0.026 1
1.3077 1.4535 0.033 1
1.3077 1.4535 0.04 1
1.3077 1.4535 0.047 1
1.3077 1.4535 0.054 1
1.3077 1.4535 0.061 1
1.3077 1.4535 0.068 1
1.3077 1.4535 0.075 1
1.3077 1.4535 0.082 1
1.3077 1.4535 0.089 1
1.3077 1.4535 0.096 1
1.3077 1.4535 0.103 1
1.3077 1.4535 0.11 1
1.3077 1.4535 0.11 1
1.3077 1.4535 0.098 1
1.3077 1.4535 0.086 1
1.3077 1.4535 0.074 1
1.3077 1.4535 0.062 1
1.3077 1.4535 0.05 1
1.3077 1.4535 0.038 1
1.3077 1.4535 0.026 1
1.3077 1.4535 0.014 1
1.3077 1.4535 0.002 1
1.3077 1.4535 -0.01 1
1.3077 1.4535 -0.022 1
1.3077 1.4535 -0.034 1
1.3077 1.4535 -0.046 1
1.3077 1.4535 -0.058 1
1.3077 1.4535 -0.07 1
1.3077 1.4535 -0.082 1
1.3077 1.4535 -0.094 1
1.3077 1.4535 -0.106 1
1.3077 1.4535 -0.118 1
1.3077 1.4535 -0.13 1
1.3077 1.4535 -0.13 1
1.268 1.4621 -0.125 1
1.2283 1.4706 -0.12 1
1.1886 1.4792 -0.115 1
1.1488 1.4878 -0.11 1
1.1091 1.4963 -0.105 1
1.0694 1.5049 -0.1 1
1.0297 1.5135 -0.095 1
0.98998 1.522 -0.09 1
0.95027 1.5306 -0.085 1
0.91055 1.5392 -0.08 1
0.87084 1.5477 -0.075 1
0.83113 1.5563 -0.07 1
0.79141 1.5649 -0.065 1
0.7517 1.5734 -0.06 1
0.71198 1.582 -0.055 1
0.67227 1.5906 -0.05 1
0.63255 1.5991 -0.045 1
0.59284 1.6077 -0.04 1
0.55312 1.6163 -0.035 1
0.51341 1.6248 -0.03 1
0.51341 1.6248 -0.03 1
0.51341 1.6248 -0.02 1
0.51341 1.6248 -0.01 1
0.51341 1.6248 2.4286e-17 1
0.51341 1.6248 0.01 1
0.51341 1.6248 0.02 1
0.51341 1.6248 0.03 1
0.51341 1.6248 0.04 1
0.51341 1.6248 0.05 1
0.51341 1.6248 0.06 1
0.51341 1.6248 0.07 1
0.51341 1.6248 0.08 1
0.51341 1.6248 0.09 1
0.51341 1.6248 0.1 1
0.51341 1.6248 0.11 1
0.51341 1.6248 0.12 1
0.51341 1.6248 0.13 1
0.51341 1.6248 0.14 1
0.51341 1.6248 0.15 1
0.51341 1.6248 0.16 1
0.51341 1.6248 0.17 1
0.51341 1.6248 0.17 0
0.51341 1.6248 0.155 0
0.51341 1.6248 0.14 0
0.51341 1.6248 0.125 0
0.51341 1.6248 0.11 0
0.51341 1.6248 0.095 0
0.51341 1.6248 0.08 0
0.51341 1.6248 0.065 0
0.51341 1.6248 0.05 0
0.51341 1.6248 0.035 0
0.51341 1.6248 0.02 0
0.51341 1.6248 0.005 0
0.51341 1.6248 -0.01 0
0.51341 1.6248 -0.025 0
0.51341 1.6248 -0.04 0
0.51341 1.6248 -0.055 0
0.51341 1.6248 -0.07 0
0.51341 1.6248 -0.085 0
0.51341 1.6248 -0.1 0
0.51341 1.6248 -0.115 0
0.51341 1.6248 -0.13 0
0.51341 1.6248 -0.13 1
0.51339 1.5708 -0.125 1
0.51336 1.5168 -0.12 1
0.51334 1.4628 -0.115 1
0.51332 1.4088 -0.11 1
0.5133 1.3548 -0.105 1
0.51327 1.3008 -0.1 1
0.51325 1.2468 -0.095 1
0.51323 1.1928 -0.09 1
0.5132 1.1388 -0.085 1
0.51318 1.0849 -0.08 1
0.51316 1.0309 -0.075 1
0.51314 0.97686 -0.07 1
0.51311 0.92286 -0.065 1
0.51309 0.86887 -0.06 1
0.51307 0.81487 -0.055 1
0.51305 0.76087 -0.05 1
0.51302 0.70688 -0.045 1
0.513 0.65288 -0.04 1
0.51298 0.59888 -0.035 1
0.51295 0.54489 -0.03 1
0.51295 0.54489 -0.03 1
0.51295 0.54489 -0.02 1
0.51295 0.54489 -0.01 1
0.51295 0.54489 2.4286e-17 1
0.51295 0.54489 0.01 1
0.51295 0.54489 0.02 1
0.51295 0.54489 0.03 1
0.51295 0.54489 0.04 1
0.51295 0.54489 0.05 1
0.51295 0.54489 0.06 1
0.51295 0.54489 0.07 1
0.51295 0.54489 0.08 1
0.51295 0.54489 0.09 1
0.51295 0.54489 0.1 1
0.51295 0.54489 0.11 1
0.51295 0.54489 0.12 1
0.51295 0.54489 0.13 1
0.51295 0.54489 0.14 1
0.51295 0.54489 0.15 1
0.51295 0.54489 0.16 1
0.51295 0.54489 0.17 1
0.51295 0.54489 0.17 1
0.51295 0.54489 0.155 1
0.51295 0.54489 0.14 1
0.51295 0.54489 0.125 1
0.51295 0.54489 0.11 1
0.51295 0.54489 0.095 1
0.51295 0.54489 0.08 1
0.51295 0.54489 0.065 1
0.51295 0.54489 0.05 1
0.51295 0.54489 0.035 1
0.51295 0.54489 0.02 1
0.51295 0.54489 0.005 1
0.51295 0.54489 -0.01 1
0.51295 0.54489 -0.025 1
0.51295 0.54489 -0.04 1
0.51295 0.54489 -0.055 1
0.51295 0.54489 -0.07 1
0.51295 0.54489 -0.085 1
0.51295 0.54489 -0.1 1
0.51295 0.54489 -0.115 1
0.51295 0.54489 -0.13 1
0.51295 0.54489 -0.13 1
0.51298 0.59888 -0.125 1
0.513 0.65288 -0.12 1
0.51302 0.70688 -0.115 1
0.51305 0.76087 -0.11 1
0.51307 0.81487 -0.105 1
0.51309 0.86887 -0.1 1
0.51311 0.92286 -0.095 1
0.51314 0.97686 -0.09 1
0.51316 1.0309 -0.085 1
0.51318 1.0849 -0.08 1
0.5132 1.1388 -0.075 1
0.51323 1.1928 -0.07 1
0.51325 1.2468 -0.065 1
0.51327 1.3008 -0.06 1
0.5133 1.3548 -0.055 1
0.51332 1.4088 -0.05 1
0.51334 1.4628 -0.045 1
0.51336 1.5168 -0.04 1
0.51339 1.5708 -0.035 1
0.51341 1.6248 -0.03 1
0.51341 1.6248 -0.03 1
0.51341 1.6248 -0.0215 1
0.51341 1.6248 -0.013 1
0.51341 1.6248 -0.0045 1
0.51341 1.6248 0.004 1
0.51341 1.6248 0.0125 1
0.51341 1.6248 0.021 1
0.51341 1.6248 0.0295 1
0.51341 1.6248 0.038 1
0.51341 1.6248 0.0465 1
0.51341 1.6248 0.055 1
0.51341 1.6248 0.0635 1
0.51341 1.6248 0.072 1
0.51341 1.6248 0.0805 1
0.51341 1.6248 0.089 1
0.51341 1.6248 0.0975 1
0.51341 1.6248 0.106 1
0.51341 1.6248 0.1145 1
0.51341 1.6248 0.123 1
0.51341 1.6248 0.1315 1
0.51341 1.6248 0.14 1
0.51341 1.6248 0.14 0
0.51341 1.6248 0.1265 0
0.51341 1.6248 0.113 0
0.51341 1.6248 0.0995 0
0.51341 1.6248 0.086 0
0.51341 1.6248 0.0725 0
0.51341 1.6248 0.059 0
0.51341 1.6248 0.0455 0
0.51341 1.6248 0.032 0
0.51341 1.6248 0.0185 0
0.51341 1.6248 0.005 0
0.51341 1.6248 -0.0085 0
0.51341 1.6248 -0.022 0
0.51341 1.6248 -0.0355 0
0.51341 1.6248 -0.049 0
0.51341 1.6248 -0.0625 0
0.51341 1.6248 -0.076 0
0.51341 1.6248 -0.0895 0
0.51341 1.6248 -0.103 0
0.51341 1.6248 -0.1165 0
0.51341 1.6248 -0.13 0
0.51341 1.6248 -0.13 1
0.55312 1.6163 -0.125 1
0.59284 1.6077 -0.12 1
0.63255 1.5991 -0.115 1
0.67227 1.5906 -0.11 1
0.71198 1.582 -0.105 1
0.7517 1.5734 -0.1 1
0.79141 1.5649 -0.095 1
0.83113 1.5563 -0.09 1
0.87084 1.5477 -0.085 1
0.91055 1.5392 -0.08 1
0.95027 1.5306 -0.075 1
0.98998 1.522 -0.07 1
1.0297 1.5135 -0.065 1
1.0694 1.5049 -0.06 1
1.1091 1.4963 -0.055 1
1.1488 1.4878 -0.05 1
1.1886 1.4792 -0.045 1
1.2283 1.4706 -0.04 1
1.268 1.4621 -0.035 1
1.3077 1.4535 -0.03 1
1.3077 1.4535 -0.03 1
1.3077 1.4535 -0.0215 1
1.3077 1.4535 -0.013 1
1.3077 1.4535 -0.0045 1
1.3077 1.4535 0.004 1
1.3077 1.4535 0.0125 1
1.3077 1.4535 0.021 1
1.3077 1.4535 0.0295 1
1.3077 1.4535 0.038 1
1.3077 1.4535 0.0465 1
1.3077 1.4535 0.055 1
1.3077 1.4535 0.0635 1
1.3077 1.4535 0.072 1
1.3077 1.4535 0.0805 1
1.3077 1.4535 0.089 1
1.3077 1.4535 0.0975 1
1.3077 1.4535 0.106 1
1.3077 1.4535 0.1145 1
1.3077 1.4535 0.123 1
1.3077 1.4535 0.1315 1
1.3077 1.4535 0.14 1
1.3077 1.4535 0.14 1
1.3077 1.4535 0.1265 1
1.3077 1.4535 0.113 1
1.3077 1.4535 0.0995 1
1.3077 1.4535 0.086 1
1.3077 1.4535 0.0725 1
1.3077 1.4535 0.059 1
1.3077 1.4535 0.0455 1
1.3077 1.4535 0.032 1
1.3077 1.4535 0.0185 1
1.3077 1.4535 0.005 1
1.3077 1.4535 -0.0085 1
1.3077 1.4535 -0.022 1
1.3077 1.4535 -0.0355 1
1.3077 1.4535 -0.049 1
1.3077 1.4535 -0.0625 1
1.3077 1.4535 -0.076 1
1.3077 1.4535 -0.0895 1
1.3077 1.4535 -0.103 1
1.3077 1.4535 -0.1165 1
1.3077 1.4535 -0.13 1
1.3077 1.4535 -0.13 1
1.268 1.4081 -0.125 1
1.2282 1.3626 -0.12 1
1.1885 1.3172 -0.115 1
1.1488 1.2718 -0.11 1
1.109 1.2263 -0.105 1
1.0693 1.1809 -0.1 1
1.0295 1.1355 -0.095 1
0.9898 1.09 -0.09 1
0.95007 1.0446 -0.085 1
0.91033 0.99919 -0.08 1
0.87059 0.95376 -0.075 1
0.83085 0.90833 -0.07 1
0.79112 0.8629 -0.065 1
0.75138 0.81747 -0.06 1
0.71164 0.77204 -0.055 1
0.6719 0.72661 -0.05 1
0.63217 0.68118 -0.045 1
0.59243 0.63575 -0.04 1
0.55269 0.59032 -0.035 1
0.51295 0.54489 -0.03 1
0.51295 0.54489 -0.03 1
0.51295 0.54489 -0.02 1
0.51295 0.54489 -0.01 1
0.51295 0.54489 2.4286e-17 1
0.51295 0.54489 0.01 1
0.51295 0.54489 0.02 1
0.51295 0.54489 0.03 1
0.51295 0.54489 0.04 1
0.51295 0.54489 0.05 1
0.51295 0.54489 0.06 1
0.51295 0.54489 0.07 1
0.51295 0.54489 0.08 1
0.51295 0.54489 0.09 1
0.51295 0.54489 0.1 1
0.51295 0.54489 0.11 1
0.51295 0.54489 0.12 1
0.51295 0.54489 0.13 1
0.51295 0.54489 0.14 1
0.51295 0.54489 0.15 1
0.51295 0.54489 0.16 1
0.51295 0.54489 0.17 1
0.51295 0.54489 0.17 0
0.51295 0.54489 0.155 0
0.51295 0.54489 0.14 0
0.51295 0.54489 0.125 0
0.51295 0.54489 0.11 0
0.51295 0.54489 0.095 0
0.51295 0.54489 0.08 0
0.51295 0.54489 0.065 0
0.51295 0.54489 0.05 0
0.51295 0.54489 0.035 0
0.51295 0.54489 0.02 0
0.51295 0.54489 0.005 0
0.51295 0.54489 -0.01 0
0.51295 0.54489 -0.025 0
0.51295 0.54489 -0.04 0
0.51295 0.54489 -0.055 0
0.51295 0.54489 -0.07 0
0.51295 0.54489 -0.085 0
0.51295 0.54489 -0.1 0
0.51295 0.54489 -0.115 0
0.51295 0.54489 -0.13 0
0.51295 0.54489 -0.13 1
0.51298 0.59888 -0.125 1
0.513 0.65288 -0.12 1
0.51302 0.70688 -0.115 1
0.51305 0.76087 -0.11 1
0.51307 0.81487 -0.105 1
0.51309 0.86887 -0.1 1
0.51311 0.92286 -0.095 1
0.51314 0.97686 -0.09 1
0.51316 1.0309 -0.085 1
0.51318 1.0849 -0.08 1
0.5132 1.1388 -0.075 1
0.51323 1.1928 -0.07 1
0.51325 1.2468 -0.065 1
0.51327 1.3008 -0.06 1
0.5133 1.3548 -0.055 1
0.51332 1.4088 -0.05 1
0.51334 1.4628 -0.045 1
0.51336 1.5168 -0.04 1
0.51339 1.5708 -0.035 1
0.51341 1.6248 -0.03 1
0.51341 1.6248 -0.03 1
0.51341 1.6248 -0.0215 1
0.51341 1.6248 -0.013 1
0.51341 1.6248 -0.0045 1
0.51341 1.6248 0.004 1
0.51341 1.6248 0.0125 1
0.51341 1.6248 0.021 1
0.51341 1.6248 0.0295 1
0.51341 1.6248 0.038 1
0.51341 1.6248 0.0465 1
0.51341 1.6248 0.055 1
0.51341 1.6248 0.0635 1
0.51341 1.6248 0.072 1
0.51341 1.6248 0.0805 1
0.51341 1.6248 0.089 1
0.51341 1.6248 0.0975 1
0.51341 1.6248 0.106 1
0.51341 1.6248 0.1145 1
0.51341 1.6248 0.123 1
0.51341 1.6248 0.1315 1
0.51341 1.6248 0.14 1
0.51341 1.6248 0.14 1
0.51341 1.6248 0.1265 1
0.51341 1.6248 0.113 1
0.51341 1.6248 0.0995 1
0.51341 1.6248 0.086 1
0.51341 1.6248 0.0725 1
0.51341 1.6248 0.059 1
0.51341 1.6248 0.0455 1
0.51341 1.6248 0.032 1
0.51341 1.6248 0.0185 1
0.51341 1.6248 0.005 1
0.51341 1.6248 -0.0085 1
0.51341 1.6248 -0.022 1
0.51341 1.6248 -0.0355 1
0.51341 1.6248 -0.049 1
0.51341 1.6248 -0.0625 1
0.51341 1.6248 -0.076 1
0.51341 1.6248 -0.0895 1
0.51341 1.6248 -0.103 1
0.51341 1.6248 -0.1165 1
0.51341 1.6248 -0.13 1
0.51341 1.6248 -0.13 1
0.55312 1.6163 -0.125 1
0.59284 1.6077 -0.12 1
0.63255 1.5991 -0.115 1
0.67227 1.5906 -0.11 1
0.71198 1.582 -0.105 1
0.7517 1.5734 -0.1 1
0.79141 1.5649 -0.095 1
0.83113 1.5563 -0.09 1
0.87084 1.5477 -0.085 1
0.91055 1.5392 -0.08 1
0.95027 1.5306 -0.075 1
0.98998 1.522 -0.07 1
1.0297 1.5135 -0.065 1
1.0694 1.5049 -0.06 1
1.1091 1.4963 -0.055 1
1.1488 1.4878 -0.05 1
1.1886 1.4792 -0.045 1
1.2283 1.4706 -0.04 1
1.268 1.4621 -0.035 1
1.3077 1.4535 -0.03 1
1.3077 1.4535 -0.03 1
1.3077 1.4535 -0.0215 1
1.3077 1.4535 -0.013 1
1.3077 1.4535 -0.0045 1
1.3077 1.4535 0.004 1
1.3077 1.4535 0.0125 1
1.3077 1.4535 0.021 1
1.3077 1.4535 0.0295 1
1.3077 1.4535 0.038 1
1.3077 1.4535 0.0465 1
1.3077 1.4535 0.055 1
1.3077 1.4535 0.0635 1
1.3077 1.4535 0.072 1
1.3077 1.4535 0.0805 1
1.3077 1.4535 0.089 1
1.3077 1.4535 0.0975 1
1.3077 1.4535 0.106 1
1.3077 1.4535 0.1145 1
1.3077 1.4535 0.123 1
1.3077 1.4535 0.1315 1
1.3077 1.4535 0.14 1
1.3077 1.4535 0.14 0
1.3077 1.4535 0.1265 0
1.3077 1.4535 0.113 0
1.3077 1.4535 0.0995 0
1.3077 1.4535 0.086 0
1.3077 1.4535 0.0725 0
1.3077 1.4535 0.059 0
1.3077 1.4535 0.0455 0
1.3077 1.4535 0.032 0
1.3077 1.4535 0.0185 0
1.3077 1.4535 0.005 0
1.3077 1.4535 -0.0085 0
1.3077 1.4535 -0.022 0
1.3077 1.4535 -0.0355 0
1.3077 1.4535 -0.049 0
1.3077 1.4535 -0.0625 0
1.3077 1.4535 -0.076 0
1.3077 1.4535 -0.0895 0
1.3077 1.4535 -0.103 0
1.3077 1.4535 -0.1165 0
1.3077 1.4535 -0.13 0
1.3077 1.4535 -0.13 1
1.268 1.4621 -0.125 1
1.2283 1.4706 -0.12 1
1.1886 1.4792 -0.115 1
1.1488 1.4878 -0.11 1
1.1091 1.4963 -0.105 1
1.0694 1.5049 -0.1 1
1.0297 1.5135 -0.095 1
0.98998 1.522 -0.09 1
0.95027 1.5306 -0.085 1
0.91055 1.5392 -0.08 1
0.87084 1.5477 -0.075 1
0.83113 1.5563 -0.07 1
0.79141 1.5649 -0.065 1
0.7517 1.5734 -0.06 1
0.71198 1.582 -0.055 1
0.67227 1.5906 -0.05 1
0.63255 1.5991 -0.045 1
0.59284 1.6077 -0.04 1
0.55312 1.6163 -0.035 1
0.51341 1.6248 -0.03 1
0.51341 1.6248 -0.03 1
0.51341 1.6248 -0.02 1
0.51341 1.6248 -0.01 1
0.51341 1.6248 2.4286e-17 1
0.51341 1.6248 0.01 1
0.51341 1.6248 0.02 1
0.51341 1.6248 0.03 1
0.51341 1.6248 0.04 1
0.51341 1.6248 0.05 1
0.51341 1.6248 0.06 1
0.51341 1.6248 0.07 1
0.51341 1.6248 0.08 1
0.51341 1.6248 0.09 1
0.51341 1.6248 0.1 1
0.51341 1.6248 0.11 1
0.51341 1.6248 0.12 1
0.51341 1.6248 0.13 1
0.51341 1.6248 0.14 1
0.51341 1.6248 0.15 1
0.51341 1.6248 0.16 1
0.51341 1.6248 0.17 1
0.51341 1.6248 0.17 1
0.51341 1.6248 0.155 1
0.51341 1.6248 0.14 1
0.51341 1.6248 0.125 1
0.51341 1.6248 0.11 1
0.51341 1.6248 0.095 1
0.51341 1.6248 0.08 1
0.51341 1.6248 0.065 1
0.51341 1.6248 0.05 1
0.51341 1.6248 0.035 1
0.51341 1.6248 0.02 1
0.51341 1.6248 0.005 1
0.51341 1.6248 -0.01 1
0.51341 1.6248 -0.025 1
0.51341 1.6248 -0.04 1
0.51341 1.6248 -0.055 1
0.51341 1.6248 -0.07 1
0.51341 1.6248 -0.085 1
0.51341 1.6248 -0.1 1
0.51341 1.6248 -0.115 1
0.51341 1.6248 -0.13 1
0.51341 1.6248 -0.13 1
0.51339 1.5708 -0.125 1
0.51336 1.5168 -0.12 1
0.51334 1.4628 -0.115 1
0.51332 1.4088 -0.11 1
0.5133 1.3548 -0.105 1
0.51327 1.3008 -0.1 1
0.51325 1.2468 -0.095 1
0.51323 1.1928 -0.09 1
0.5132 1.1388 -0.085 1
0.51318 1.0849 -0.08 1
0.51316 1.0309 -0.075 1
0.51314 0.97686 -0.07 1
0.51311 0.92286 -0.065 1
0.51309 0.86887 -0.06 1
0.51307 0.81487 -0.055 1
0.51305 0.76087 -0.05 1
0.51302 0.70688 -0.045 1
0.513 0.65288 -0.04 1
0.51298 0.59888 -0.035 1
0.51295 0.54489 -0.03 1
0.51295 0.54489 -0.03 1
0.51295 0.54489 -0.0215 1
0.51295 0.54489 -0.013 1
0.51295 0.54489 -0.0045 1
0.51295 0.54489 0.004 1
0.51295 0.54489 0.0125 1
0.51295 0.54489 0.021 1
0.51295 0.54489 0.0295 1
0.51295 0.54489 0.038 1
0.51295 0.54489 0.0465 1
0.51295 0.54489 0.055 1
0.51295 0.54489 0.0635 1
0.51295 0.54489 0.072 1
0.51295 0.54489 0.0805 1
0.51295 0.54489 0.089 1
0.51295 0.54489 0.0975 1
0.51295 0.54489 0.106 1
0.51295 0.54489 0.1145 1
0.51295 0.54489 0.123 1
0.51295 0.54489 0.1315 1
0.51295 0.54489 0.14 1
0.51295 0.54489 0.14 0
0.51295 0.54489 0.1265 0
0.51295 0.54489 0.113 0
0.51295 0.54489 0.0995 0
0.51295 0.54489 0.086 0
0.51295 0.54489 0.0725 0
0.51295 0.54489 0.059 0
0.51295 0.54489 0.0455 0
0.51295 0.54489 0.032 0
0.51295 0.54489 0.0185 0
0.51295 0.54489 0.005 0
0.51295 0.54489 -0.0085 0
0.51295 0.54489 -0.022 0
0.51295 0.54489 -0.0355 0
0.51295 0.54489 -0.049 0
0.51295 0.54489 -0.0625 0
0.51295 0.54489 -0.076 0
0.51295 0.54489 -0.0895 0
0.51295 0.54489 -0.103 0
0.51295 0.54489 -0.1165 0
0.51295 0.54489 -0.13 0
0.51295 0.54489 -0.13 1
0.55269 0.59032 -0.125 1
0.59243 0.63575 -0.12 1
0.63217 0.68118 -0.115 1
0.6719 0.72661 -0.11 1
0.71164 0.77204 -0.105 1
0.75138 0.81747 -0.1 1
0.79112 0.8629 -0.095 1
0.83085 0.90833 -0.09 1
0.87059 0.95376 -0.085 1
0.91033 0.99919 -0.08 1
0.95007 1.0446 -0.075 1
0.9898 1.09 -0.07 1
1.0295 1.1355 -0.065 1
1.0693 1.1809 -0.06 1
1.109 1.2263 -0.055 1
1.1488 1.2718 -0.05 1
1.1885 1.3172 -0.045 1
1.2282 1.3626 -0.04 1
1.268 1.4081 -0.035 1
1.3077 1.4535 -0.03 1
1.3077 1.4535 -0.03 1
1.3077 1.4535 -0.0215 1
1.3077 1.4535 -0.013 1
1.3077 1.4535 -0.0045 1
1.3077 1.4535 0.004 1
1.3077 1.4535 0.0125 1
1.3077 1.4535 0.021 1
1.3077 1.4535 0.0295 1
1.3077 1.4535 0.038 1
1.3077 1.4535 0.0465 1
1.3077 1.4535 0.055 1
1.3077 1.4535 0.0635 1
1.3077 1.4535 0.072 1
1.3077 1.4535 0.0805 1
1.3077 1.4535 0.089 1
1.3077 1.4535 0.0975 1
1.3077 1.4535 0.106 1
1.3077 1.4535 0.1145 1
1.3077 1.4535 0.123 1
1.3077 1.4535 0.1315 1
1.3077 1.4535 0.14 1
1.3077 1.4535 0.14 1
1.3077 1.4535 0.1265 1
1.3077 1.4535 0.113 1
1.3077 1.4535 0.0995 1
1.3077 1.4535 0.086 1
1.3077 1.4535 0.0725 1
1.3077 1.4535 0.059 1
1.3077 1.4535 0.0455 1
1.3077 1.4535 0.032 1
1.3077 1.4535 0.0185 1
1.3077 1.4535 0.005 1
1.3077 1.4535 -0.0085 1
1.3077 1.4535 -0.022 1
1.3077 1.4535 -0.0355 1
1.3077 1.4535 -0.049 1
1.3077 1.4535 -0.0625 1
1.3077 1.4535 -0.076 1
1.3077 1.4535 -0.0895 1
1.3077 1.4535 -0.103 1
1.3077 1.4535 -0.1165 1
1.3077 1.4535 -0.13 1
1.3077 1.4535 -0.13 1
1.268 1.4081 -0.125 1
1.2282 1.3626 -0.12 1
1.1885 1.3172 -0.115 1
1.1488 1.2718 -0.11 1
1.109 1.2263 -0.105 1
1.0693 1.1809 -0.1 1
1.0295 1.1355 -0.095 1
0.9898 1.09 -0.09 1
0.95007 1.0446 -0.085 1
0.91033 0.99919 -0.08 1
0.87059 0.95376 -0.075 1
0.83085 0.90833 -0.07 1
0.79112 0.8629 -0.065 1
0.75138 0.81747 -0.06 1
0.71164 0.77204 -0.055 1
0.6719 0.72661 -0.05 1
0.63217 0.68118 -0.045 1
0.59243 0.63575 -0.04 1
0.55269 0.59032 -0.035 1
0.51295 0.54489 -0.03 1
0.51295 0.54489 -0.03 1
0.51295 0.54489 -0.023 1
0.51295 0.54489 -0.016 1
0.51295 0.54489 -0.009 1
0.51295 0.54489 -0.002 1
0.51295 0.54489 0.005 1
0.51295 0.54489 0.012 1
0.51295 0.54489 0.019 1
0.51295 0.54489 0.026 1
0.51295 0.54489 0.033 1
0.51295 0.54489 0.04 1
0.51295 0.54489 0.047 1
0.51295 0.54489 0.054 1
0.51295 0.54489 0.061 1
0.51295 0.54489 0.068 1
0.51295 0.54489 0.075 1
0.51295 0.54489 0.082 1
0.51295 0.54489 0.089 1
0.51295 0.54489 0.096 1
0.51295 0.54489 0.103 1
0.51295 0.54489 0.11 1
0.51295 0.54489 0.11 0
0.51295 0.54489 0.098 0
0.51295 0.54489 0.086 0
0.51295 0.54489 0.074 0
0.51295 0.54489 0.062 0
0.51295 0.54489 0.05 0
0.51295 0.54489 0.038 0
0.51295 0.54489 0.026 0
0.51295 0.54489 0.014 0
0.51295 0.54489 0.002 0
0.51295 0.54489 -0.01 0
0.51295 0.54489 -0.022 0
0.51295 0.54489 -0.034 0
0.51295 0.54489 -0.046 0
0.51295 0.54489 -0.058 0
0.51295 0.54489 -0.07 0
0.51295 0.54489 -0.082 0
0.51295 0.54489 -0.094 0
0.51295 0.54489 -0.106 0
0.51295 0.54489 -0.118 0
0.51295 0.54489 -0.13 0
0.51295 0.54489 -0.13 1
0.55269 0.59032 -0.125 1
0.59243 0.63575 -0.12 1
0.63217 0.68118 -0.115 1
0.6719 0.72661 -0.11 1
0.71164 0.77204 -0.105 1
0.75138 0.81747 -0.1 1
0.79112 0.8629 -0.095 1
0.83085 0.90833 -0.09 1
0.87059 0.95376 -0.085 1
0.91033 0.99919 -0.08 1
0.95007 1.0446 -0.075 1
0.9898 1.09 -0.07 1
1.0295 1.1355 -0.065 1
1.0693 1.1809 -0.06 1
1.109 1.2263 -0.055 1
1.1488 1.2718 -0.05 1
1.1885 1.3172 -0.045 1
1.2282 1.3626 -0.04 1
1.268 1.4081 -0.035 1
1.3077 1.4535 -0.03 1
1.3077 1.4535 -0.03 1
1.3077 1.4535 -0.02 1
1.3077 1.4535 -0.01 1
1.3077 1.4535 2.4286e-17 1
1.3077 1.4535 0.01 1
1.3077 1.4535 0.02 1
1.3077 1.4535 0.03 1
1.3077 1.4535 0.04 1
1.3077 1.4535 0.05 1
1.3077 1.4535 0.06 1
1.3077 1.4535 0.07 1
1.3077 1.4535 0.08 1
1.3077 1.4535 0.09 1
1.3077 1.4535 0.1 1
1.3077 1.4535 0.11 1
1.3077 1.4535 0.12 1
1.3077 1.4535 0.13 1
1.3077 1.4535 0.14 1
1.3077 1.4535 0.15 1
1.3077 1.4535 0.16 1
1.3077 1.4535 0.17 1
1.3077 1.4535 0.17 1
1.3077 1.4535 0.155 1
1.3077 1.4535 0.14 1
1.3077 1.4535 0.125 1
1.3077 1.4535 0.11 1
1.3077 1.4535 0.095 1
1.3077 1.4535 0.08 1
1.3077 1.4535 0.065 1
1.3077 1.4535 0.05 1
1.3077 1.4535 0.035 1
1.3077 1.4535 0.02 1
1.3077 1.4535 0.005 1
1.3077 1.4535 -0.01 1
1.3077 1.4535 -0.025 1
1.3077 1.4535 -0.04 1
1.3077 1.4535 -0.055 1
1.3077 1.4535 -0.07 1
1.3077 1.4535 -0.085 1
1.3077 1.4535 -0.1 1
1.3077 1.4535 -0.115 1
1.3077 1.4535 -0.13 1
1.3077 1.4535 -0.13 1
1.268 1.4621 -0.125 1
1.2283 1.4706 -0.12 1
1.1886 1.4792 -0.115 1
1.1488 1.4878 -0.11 1
1.1091 1.4963 -0.105 1
1.0694 1.5049 -0.1 1
1.0297 1.5135 -0.095 1
0.98998 1.522 -0.09 1
0.95027 1.5306 -0.085 1
0.91055 1.5392 -0.08 1
0.87084 1.5477 -0.075 1
0.83113 1.5563 -0.07 1
0.79141 1.5649 -0.065 1
0.7517 1.5734 -0.06 1
0.71198 1.582 -0.055 1
0.67227 1.5906 -0.05 1
0.63255 1.5991 -0.045 1
0.59284 1.6077 -0.04 1
0.55312 1.6163 -0.035 1
0.51341 1.6248 -0.03 1
0.51341 1.6248 -0.03 1
0.51341 1.6248 -0.02 1
0.51341 1.6248 -0.01 1
0.51341 1.6248 2.4286e-17 1
0.51341 1.6248 0.01 1
0.51341 1.6248 0.02 1
0.51341 1.6248 0.03 1
0.51341 1.6248 0.04 1
0.51341 1.6248 0.05 1
0.51341 1.6248 0.06 1
0.51341 1.6248 0.07 1
0.51341 1.6248 0.08 1
0.51341 1.6248 0.09 1
0.51341 1.6248 0.1 1
0.51341 1.6248 0.11 1
0.51341 1.6248 0.12 1
0.51341 1.6248 0.13 1
0.51341 1.6248 0.14 1
0.51341 1.6248 0.15 1
0.51341 1.6248 0.16 1
0.51341 1.6248 0.17 1
0.51341 1.6248 0.17 0
0.51341 1.6248 0.155 0
0.51341 1.6248 0.14 0
0.51341 1.6248 0.125 0
0.51341 1.6248 0.11 0
0.51341 1.6248 0.095 0
0.51341 1.6248 0.08 0
0.51341 1.6248 0.065 0
0.51341 1.6248 0.05 0
0.51341 1.6248 0.035 0
0.51341 1.6248 0.02 0
0.51341 1.6248 0.005 0
0.51341 1.6248 -0.01 0
0.51341 1.6248 -0.025 0
0.51341 1.6248 -0.04 0
0.51341 1.6248 -0.055 0
0.51341 1.6248 -0.07 0
0.51341 1.6248 -0.085 0
0.51341 1.6248 -0.1 0
0.51341 1.6248 -0.115 0
0.51341 1.6248 -0.13 0
0.51341 1.6248 -0.13 1
0.51339 1.5708 -0.125 1
0.51336 1.5168 -0.12 1
0.51334 1.4628 -0.115 1
0.51332 1.4088 -0.11 1
0.5133 1.3548 -0.105 1
0.51327 1.3008 -0.1 1
0.51325 1.2468 -0.095 1
0.51323 1.1928 -0.09 1
0.5132 1.1388 -0.085 1
0.51318 1.0849 -0.08 1
0.51316 1.0309 -0.075 1
0.51314 0.97686 -0.07 1
0.51311 0.92286 -0.065 1
0.51309 0.86887 -0.06 1
0.51307 0.81487 -0.055 1
0.51305 0.76087 -0.05 1
0.51302 0.70688 -0.045 1
0.513 0.65288 -0.04 1
0.51298 0.59888 -0.035 1
0.51295 0.54489 -0.03 1
0.51295 0.54489 -0.03 1
0.51295 0.54489 -0.023 1
0.51295 0.54489 -0.016 1
0.51295 0.54489 -0.009 1
0.51295 0.54489 -0.002 1
0.51295 0.54489 0.005 1
0.51295 0.54489 0.012 1
0.51295 0.54489 0.019 1
0.51295 0.54489 0.026 1
0.51295 0.54489 0.033 1
0.51295 0.54489 0.04 1
0.51295 0.54489 0.047 1
0.51295 0.54489 0.054 1
0.51295 0.54489 0.061 1
0.51295 0.54489 0.068 1
0.51295 0.54489 0.075 1
0.51295 0.54489 0.082 1
0.51295 0.54489 0.089 1
0.51295 0.54489 0.096 1
0.51295 0.54489 0.103 1
0.51295 0.54489 0.11 1
0.51295 0.54489 0.11 1
0.51295 0.54489 0.098 1
0.51295 0.54489 0.086 1
0.51295 0.54489 0.074 1
0.51295 0.54489 0.062 1
0.51295 0.54489 0.05 1
0.51295 0.54489 0.038 1
0.51295 0.54489 0.026 1
0.51295 0.54489 0.014 1
0.51295 0.54489 0.002 1
0.51295 0.54489 -0.01 1
0.51295 0.54489 -0.022 1
0.51295 0.54489 -0.034 1
0.51295 0.54489 -0.046 1
0.51295 0.54489 -0.058 1
0.51295 0.54489 -0.07 1
0.51295 0.54489 -0.082 1
0.51295 0.54489 -0.094 1
0.51295 0.54489 -0.106 1
0.51295 0.54489 -0.118 1
0.51295 0.54489 -0.13 1
0.51295 0.54489 -0.13 1
0.51298 0.59888 -0.125 1
0.513 0.65288 -0.12 1
0.51302 0.70688 -0.115 1
0.51305 0.76087 -0.11 1
0.51307 0.81487 -0.105 1
0.51309 0.86887 -0.1 1
0.51311 0.92286 -0.095 1
0.51314 0.97686 -0.09 1
0.51316 1.0309 -0.085 1
0.51318 1.0849 -0.08 1
0.5132 1.1388 -0.075 1
0.51323 1.1928 -0.07 1
0.51325 1.2468 -0.065 1
0.51327 1.3008 -0.06 1
0.5133 1.3548 -0.055 1
0.51332 1.4088 -0.05 1
0.51334 1.4628 -0.045 1
0.51336 1.5168 -0.04 1
0.51339 1.5708 -0.035 1
0.51341 1.6248 -0.03 1
0.51341 1.6248 -0.03 1
0.51341 1.6248 -0.0215 1
0.51341 1.6248 -0.013 1
0.51341 1.6248 -0.0045 1
0.51341 1.6248 0.004 1
0.51341 1.6248 0.0125 1
0.51341 1.6248 0.021 1
0.51341 1.6248 0.0295 1
0.51341 1.6248 0.038 1
0.51341 1.6248 0.0465 1
0.51341 1.6248 0.055 1
0.51341 1.6248 0.0635 1
0.51341 1.6248 0.072 1
0.51341 1.6248 0.0805 1
0.51341 1.6248 0.089 1
0.51341 1.6248 0.0975 1
0.51341 1.6248 0.106 1
0.51341 1.6248 0.1145 1
0.51341 1.6248 0.123 1
0.51341 1.6248 0.1315 1
0.51341 1.6248 0.14 1
0.51341 1.6248 0.14 0
0.51341 1.6248 0.1265 0
0.51341 1.6248 0.113 0
0.51341 1.6248 0.0995 0
0.51341 1.6248 0.086 0
0.51341 1.6248 0.0725 0
0.51341 1.6248 0.059 0
0.51341 1.6248 0.0455 0
0.51341 1.6248 0.032 0
0.51341 1.6248 0.0185 0
0.51341 1.6248 0.005 0
0.51341 1.6248 -0.0085 0
0.51341 1.6248 -0.022 0
0.51341 1.6248 -0.0355 0
0.51341 1.6248 -0.049 0
0.51341 1.6248 -0.0625 0
0.51341 1.6248 -0.076 0
0.51341 1.6248 -0.0895 0
0.51341 1.6248 -0.103 0
0.51341 1.6248 -0.1165 0
0.51341 1.6248 -0.13 0
0.51341 1.6248 -0.13 1
0.51339 1.5708 -0.125 1
0.51336 1.5168 -0.12 1
0.51334 1.4628 -0.115 1
0.51332 1.4088 -0.11 1
0.5133 1.3548 -0.105 1
0.51327 1.3008 -0.1 1
0.51325 1.2468 -0.095 1
0.51323 1.1928 -0.09 1
0.5132 1.1388 -0.085 1
0.51318 1.0849 -0.08 1
0.51316 1.0309 -0.075 1
0.51314 0.97686 -0.07 1
0.51311 0.92286 -0.065 1
0.51309 0.86887 -0.06 1
0.51307 0.81487 -0.055 1
0.51305 0.76087 -0.05 1
0.51302 0.70688 -0.045 1
0.513 0.65288 -0.04 1
0.51298 0.59888 -0.035 1
0.51295 0.54489 -0.03 1
0.51295 0.54489 -0.03 1
0.51295 0.54489 -0.0215 1
0.51295 0.54489 -0.013 1
0.51295 0.54489 -0.0045 1
0.51295 0.54489 0.004 1
0.51295 0.54489 0.0125 1
0.51295 0.54489 0.021 1
0.51295 0.54489 0.0295 1
0.51295 0.54489 0.038 1
0.51295 0.54489 0.0465 1
0.51295 0.54489 0.055 1
0.51295 0.54489 0.0635 1
0.51295 0.54489 0.072 1
0.51295 0.54489 0.0805 1
0.51295 0.54489 0.089 1
0.51295 0.54489 0.0975 1
0.51295 0.54489 0.106 1
0.51295 0.54489 0.1145 1
0.51295 0.54489 0.123 1
0.51295 0.54489 0.1315 1
0.51295 0.54489 0.14 1
0.51295 0.54489 0.14 1
0.51295 0.54489 0.1265 1
0.51295 0.54489 0.113 1
0.51295 0.54489 0.0995 1
0.51295 0.54489 0.086 1
0.51295 0.54489 0.0725 1
0.51295 0.54489 0.059 1
0.51295 0.54489 0.0455 1
0.51295 0.54489 0.032 1
0.51295 0.54489 0.0185 1
0.51295 0.54489 0.005 1
0.51295 0.54489 -0.0085 1
0.51295 0.54489 -0.022 1
0.51295 0.54489 -0.0355 1
0.51295 0.54489 -0.049 1
0.51295 0.54489 -0.0625 1
0.51295 0.54489 -0.076 1
0.51295 0.54489 -0.0895 1
0.51295 0.54489 -0.103 1
0.51295 0.54489 -0.1165 1
0.51295 0.54489 -0.13 1
0.51295 0.54489 -0.13 1
0.55269 0.59032 -0.125 1
0.59243 0.63575 -0.12 1
0.63217 0.68118 -0.115 1
0.6719 0.72661 -0.11 1
0.71164 0.77204 -0.105 1
0.75138 0.81747 -0.1 1
0.79112 0.8629 -0.095 1
0.83085 0.90833 -0.09 1
0.87059 0.95376 -0.085 1
0.91033 0.99919 -0.08 1
0.95007 1.0446 -0.075 1
0.9898 1.09 -0.07 1
1.0295 1.1355 -0.065 1
1.0693 1.1809 -0.06 1
1.109 1.2263 -0.055 1
1.1488 1.2718 -0.05 1
1.1885 1.3172 -0.045 1
1.2282 1.3626 -0.04 1
1.268 1.4081 -0.035 1
1.3077 1.4535 -0.03 1
1.3077 1.4535 -0.03 1
1.3077 1.4535 -0.02 1
1.3077 1.4535 -0.01 1
1.3077 1.4535 2.4286e-17 1
1.3077 1.4535 0.01 1
1.3077 1.4535 0.02 1
1.3077 1.4535 0.03 1
1.3077 1.4535 0.04 1
1.3077 1.4535 0.05 1
1.3077 1.4535 0.06 1
1.3077 1.4535 0.07 1
1.3077 1.4535 0.08 1
1.3077 1.4535 0.09 1
1.3077 1.4535 0.1 1
1.3077 1.4535 0.11 1
1.3077 1.4535 0.12 1
1.3077 1.4535 0.13 1
1.3077 1.4535 0.14 1
1.3077 1.4535 0.15 1
1.3077 1.4535 0.16 1
1.3077 1.4535 0.17 1
1.3077 1.4535 0.17 0
1.3077 1.4535 0.155 0
1.3077 1.4535 0.14 0
1.3077 1.4535 0.125 0
1.3077 1.4535 0.11 0
1.3077 1.4535 0.095 0
1.3077 1.4535 0.08 0
1.3077 1.4535 0.065 0
1.3077 1.4535 0.05 0
1.3077 1.4535 0.035 0
1.3077 1.4535 0.02 0
1.3077 1.4535 0.005 0
1.3077 1.4535 -0.01 0
1.3077 1.4535 -0.025 0
1.3077 1.4535 -0.04 0
1.3077 1.4535 -0.055 0
1.3077 1.4535 -0.07 0
1.3077 1.4535 -0.085 0
1.3077 1.4535 -0.1 0
1.3077 1.4535 -0.115 0
1.3077 1.4535 -0.13 0
1.3077 1.4535 -0.13 1
1.268 1.4621 -0.125 1
1.2283 1.4706 -0.12 1
1.1886 1.4792 -0.115 1
1.1488 1.4878 -0.11 1
1.1091 1.4963 -0.105 1
1.0694 1.5049 -0.1 1
1.0297 1.5135 -0.095 1
0.98998 1.522 -0.09 1
0.95027 1.5306 -0.085 1
0.91055 1.5392 -0.08 1
0.87084 1.5477 -0.075 1
0.83113 1.5563 -0.07 1
0.79141 1.5649 -0.065 1
0.7517 1.5734 -0.06 1
0.71198 1.582 -0.055 1
0.67227 1.5906 -0.05 1
0.63255 1.5991 -0.045 1
0.59284 1.6077 -0.04 1
0.55312 1.6163 -0.035 1
0.51341 1.6248 -0.03 1
0.51341 1.6248 -0.03 1
0.51341 1.6248 -0.0215 1
0.51341 1.6248 -0.013 1
0.51341 1.6248 -0.0045 1
0.51341 1.6248 0.004 1
0.51341 1.6248 0.0125 1
0.51341 1.6248 0.021 1
0.51341 1.6248 0.0295 1
0.51341 1.6248 0.038 1
0.51341 1.6248 0.0465 1
0.51341 1.6248 0.055 1
0.51341 1.6248 0.0635 1
0.51341 1.6248 0.072 1
0.51341 1.6248 0.0805 1
0.51341 1.6248 0.089 1
0.51341 1.6248 0.0975 1
0.51341 1.6248 0.106 1
0.51341 1.6248 0.1145 1
0.51341 1.6248 0.123 1
0.51341 1.6248 0.1315 1
0.51341 1.6248 0.14 1
0.51341 1.6248 0.14 1
0.51341 1.6248 0.1265 1
0.51341 1.6248 0.113 1
0.51341 1.6248 0.0995 1
0.51341 1.6248 0.086 1
0.51341 1.6248 0.0725 1
0.51341 1.6248 0.059 1
0.51341 1.6248 0.0455 1
0.51341 1.6248 0.032 1
0.51341 1.6248 0.0185 1
0.51341 1.6248 0.005 1
0.51341 1.6248 -0.0085 1
0.51341 1.6248 -0.022 1
0.51341 1.6248 -0.0355 1
0.51341 1.6248 -0.049 1
0.51341 1.6248 -0.0625 1
0.51341 1.6248 -0.076 1
0.51341 1.6248 -0.0895 1
0.51341 1.6248 -0.103 1
0.51341 1.6248 -0.1165 1
0.51341 1.6248 -0.13 1
0.51341 1.6248 -0.13 1
0.55312 1.6163 -0.125 1
0.59284 1.6077 -0.12 1
0.63255 1.5991 -0.115 1
0.67227 1.5906 -0.11 1
0.71198 1.582 -0.105 1
0.7517 1.5734 -0.1 1
0.79141 1.5649 -0.095 1
0.83113 1.5563 -0.09 1
0.87084 1.5477 -0.085 1
0.91055 1.5392 -0.08 1
0.95027 1.5306 -0.075 1
0.98998 1.522 -0.07 1
1.0297 1.5135 -0.065 1
1.0694 1.5049 -0.06 1
1.1091 1.4963 -0.055 1
1.1488 1.4878 -0.05 1
1.1886 1.4792 -0.045 1
1.2283 1.4706 -0.04 1
1.268 1.4621 -0.035 1
1.3077 1.4535 -0.03 1
1.3077 1.4535 -0.03 1
1.3077 1.4535 -0.0215 1
1.3077 1.4535 -0.013 1
1.3077 1.4535 -0.0045 1
1.3077 1.4535 0.004 1
1.3077 1.4535 0.0125 1
1.3077 1.4535 0.021 1
1.3077 1.4535 0.0295 1
1.3077 1.4535 0.038 1
1.3077 1.4535 0.0465 1
1.3077 1.4535 0.055 1
1.3077 1.4535 0.0635 1
1.3077 1.4535 0.072 1
1.3077 1.4535 0.0805 1
1.3077 1.4535 0.089 1
1.3077 1.4535 0.0975 1
1.3077 1.4535 0.106 1
1.3077 1.4535 0.1145 1
1.3077 1.4535 0.123 1
1.3077 1.4535 0.1315 1
1.3077 1.4535 0.14 1
1.3077 1.4535 0.14 0
1.3077 1.4535 0.1265 0
1.3077 1.4535 0.113 0
1.3077 1.4535 0.0995 0
1.3077 1.4535 0.086 0
1.3077 1.4535 0.0725 0
1.3077 1.4535 0.059 0
1.3077 1.4535 0.0455 0
1.3077 1.4535 0.032 0
1.3077 1.4535 0.0185 0
1.3077 1.4535 0.005 0
1.3077 1.4535 -0.0085 0
1.3077 1.4535 -0.022 0
1.3077 1.4535 -0.0355 0
1.3077 1.4535 -0.049 0
1.3077 1.4535 -0.0625 0
1.3077 1.4535 -0.076 0
1.3077 1.4535 -0.0895 0
1.3077 1.4535 -0.103 0
1.3077 1.4535 -0.1165 0
1.3077 1.4535 -0.13 0
1.3077 1.4535 -0.13 1
1.268 1.4081 -0.125 1
1.2282 1.3626 -0.12 1
1.1885 1.3172 -0.115 1
1.1488 1.2718 -0.11 1
1.109 1.2263 -0.105 1
1.0693 1.1809 -0.1 1
1.0295 1.1355 -0.095 1
0.9898 1.09 -0.09 1
0.95007 1.0446 -0.085 1
0.91033 0.99919 -0.08 1
0.87059 0.95376 -0.075 1
0.83085 0.90833 -0.07 1
0.79112 0.8629 -0.065 1
0.75138 0.81747 -0.06 1
0.71164 0.77204 -0.055 1
0.6719 0.72661 -0.05 1
0.63217 0.68118 -0.045 1
0.59243 0.63575 -0.04 1
0.55269 0.59032 -0.035 1
0.51295 0.54489 -0.03 1
0.51295 0.54489 -0.03 1
0.51295 0.54489 -0.02 1
0.51295 0.54489 -0.01 1
0.51295 0.54489 2.4286e-17 1
0.51295 0.54489 0.01 1
0.51295 0.54489 0.02 1
0.51295 0.54489 0.03 1
0.51295 0.54489 0.04 1
0.51295 0.54489 0.05 1
0.51295 0.54489 0.06 1
0.51295 0.54489 0.07 1
0.51295 0.54489 0.08 1
0.51295 0.54489 0.09 1
0.51295 0.54489 0.1 1
0.51295 0.54489 0.11 1
0.51295 0.54489 0.12 1
0.51295 0.54489 0.13 1
0.51295 0.54489 0.14 1
0.51295 0.54489 0.15 1
0.51295 0.54489 0.16 1
0.51295 0.54489 0.17 1
0.51295 0.54489 0.17 1
0.51295 0.54489 0.155 1
0.51295 0.54489 0.14 1
0.51295 0.54489 0.125 1
0.51295 0.54489 0.11 1
0.51295 0.54489 0.095 1
0.51295 0.54489 0.08 1
0.51295 0.54489 0.065 1
0.51295 0.54489 0.05 1
0.51295 0.54489 0.035 1
0.51295 0.54489 0.02 1
0.51295 0.54489 0.005 1
0.51295 0.54489 -0.01 1
0.51295 0.54489 -0.025 1
0.51295 0.54489 -0.04 1
0.51295 0.54489 -0.055 1
0.51295 0.54489 -0.07 1
0.51295 0.54489 -0.085 1
0.51295 0.54489 -0.1 1
0.51295 0.54489 -0.115 1
0.51295 0.54489 -0.13 1
0.51295 0.54489 -0.13 1
0.51298 0.59888 -0.125 1
0.513 0.65288 -0.12 1
0.51302 0.70688 -0.115 1
0.51305 0.76087 -0.11 1
0.51307 0.81487 -0.105 1
0.51309 0.86887 -0.1 1
0.51311 0.92286 -0.095 1
0.51314 0.97686 -0.09 1
0.51316 1.0309 -0.085 1
0.51318 1.0849 -0.08 1
0.5132 1.1388 -0.075 1
0.51323 1.1928 -0.07 1
0.51325 1.2468 -0.065 1
0.51327 1.3008 -0.06 1
0.5133 1.3548 -0.055 1
0.51332 1.4088 -0.05 1
0.51334 1.4628 -0.045 1
0.51336 1.5168 -0.04 1
0.51339 1.5708 -0.035 1
0.51341 1.6248 -0.03 1
0.51341 1.6248 -0.03 1
0.51341 1.6248 -0.0215 1
0.51341 1.6248 -0.013 1
0.51341 1.6248 -0.0045 1
0.51341 1.6248 0.004 1
0.51341 1.6248 0.0125 1
0.51341 1.6248 0.021 1
0.51341 1.6248 0.0295 1
0.51341 1.6248 0.038 1
0.51341 1.6248 0.0465 1
0.51341 1.6248 0.055 1
0.51341 1.6248 0.0635 1
0.51341 1.6248 0.072 1
0.51341 1.6248 0.0805 1
0.51341 1.6248 0.089 1
0.51341 1.6248 0.0975 1
0.51341 1.6248 0.106 1
0.51341 1.6248 0.1145 1
0.51341 1.6248 0.123 1
0.51341 1.6248 0.1315 1
0.51341 1.6248 0.14 1
0.51341 1.6248 0.14 0
0.51341 1.6248 0.1265 0
0.51341 1.6248 0.113 0
0.51341 1.6248 0.0995 0
0.51341 1.6248 0.086 0
0.51341 1.6248 0.0725 0
0.51341 1.6248 0.059 0
0.51341 1.6248 0.0455 0
0.51341 1.6248 0.032 0
0.51341 1.6248 0.0185 0
0.51341 1.6248 0.005 0
0.51341 1.6248 -0.0085 0
0.51341 1.6248 -0.022 0
0.51341 1.6248 -0.0355 0
0.51341 1.6248 -0.049 0
0.51341 1.6248 -0.0625 0
0.51341 1.6248 -0.076 0
0.51341 1.6248 -0.0895 0
0.51341 1.6248 -0.103 0
0.51341 1.6248 -0.1165 0
0.51341 1.6248 -0.13 0
0.51341 1.6248 -0.13 1
0.55312 1.6163 -0.125 1
0.59284 1.6077 -0.12 1
0.63255 1.5991 -0.115 1
0.67227 1.5906 -0.11 1
0.71198 1.582 -0.105 1
0.7517 1.5734 -0.1 1
0.79141 1.5649 -0.095 1
0.83113 1.5563 -0.09 1
0.87084 1.5477 -0.085 1
0.91055 1.5392 -0.08 1
0.95027 1.5306 -0.075 1
0.98998 1.522 -0.07 1
1.0297 1.5135 -0.065 1
1.0694 1.5049 -0.06 1
1.1091 1.4963 -0.055 1
1.1488 1.4878 -0.05 1
1.1886 1.4792 -0.045 1
1.2283 1.4706 -0.04 1
1.268 1.4621 -0.035 1
1.3077 1.4535 -0.03 1
1.3077 1.4535 -0.03 1
1.3077 1.4535 -0.0215 1
1.3077 1.4535 -0.013 1
1.3077 1.4535 -0.0045 1
1.3077 1.4535 0.004 1
1.3077 1.4535 0.0125 1
1.3077 1.4535 0.021 1
1.3077 1.4535 0.0295 1
1.3077 1.4535 0.038 1
1.3077 1.4535 0.0465 1
1.3077 1.4535 0.055 1
1.3077 1.4535 0.0635 1
1.3077 1.4535 0.072 1
1.3077 1.4535 0.0805 1
1.3077 1.4535 0.089 1
1.3077 1.4535 0.0975 1
1.3077 1.4535 0.106 1
1.3077 1.4535 0.1145 1
1.3077 1.4535 0.123 1
1.3077 1.4535 0.1315 1
1.3077 1.4535 0.14 1
1.3077 1.4535 0.14 1
1.3077 1.4535 0.1265 1
1.3077 1.4535 0.113 1
1.3077 1.4535 0.0995 1
1.3077 1.4535 0.086 1
1.3077 1.4535 0.0725 1
1.3077 1.4535 0.059 1
1.3077 1.4535 0.0455 1
1.3077 1.4535 0.032 1
1.3077 1.4535 0.0185 1
1.3077 1.4535 0.005 1
1.3077 1.4535 -0.0085 1
1.3077 1.4535 -0.022 1
1.3077 1.4535 -0.0355 1
1.3077 1.4535 -0.049 1
1.3077 1.4535 -0.0625 1
1.3077 1.4535 -0.076 1
1.3077 1.4535 -0.0895 1
1.3077 1.4535 -0.103 1
1.3077 1.4535 -0.1165 1
1.3077 1.4535 -0.13 1
1.3077 1.4535 -0.13 1
1.268 1.4081 -0.125 1
1.2282 1.3626 -0.12 1
1.1885 1.3172 -0.115 1
1.1488 1.2718 -0.11 1
1.109 1.2263 -0.105 1
1.0693 1.1809 -0.1 1
1.0295 1.1355 -0.095 1
0.9898 1.09 -0.09 1
0.95007 1.0446 -0.085 1
0.91033 0.99919 -0.08 1
0.87059 0.95376 -0.075 1
0.83085 0.90833 -0.07 1
0.79112 0.8629 -0.065 1
0.75138 0.81747 -0.06 1
0.71164 0.77204 -0.055 1
0.6719 0.72661 -0.05 1
0.63217 0.68118 -0.045 1
0.59243 0.63575 -0.04 1
0.55269 0.59032 -0.035 1
0.51295 0.54489 -0.03 1
0.51295 0.54489 -0.03 1
0.51295 0.54489 -0.02 1
0.51295 0.54489 -0.01 1
0.51295 0.54489 2.4286e-17 1
0.51295 0.54489 0.01 1
0.51295 0.54489 0.02 1
0.51295 0.54489 0.03 1
0.51295 0.54489 0.04 1
0.51295 0.54489 0.05 1
0.51295 0.54489 0.06 1
0.51295 0.54489 0.07 1
0.51295 0.54489 0.08 1
0.51295 0.54489 0.09 1
0.51295 0.54489 0.1 1
0.51295 0.54489 0.11 1
0.51295 0.54489 0.12 1
0.51295 0.54489 0.13 1
0.51295 0.54489 0.14 1
0.51295 0.54489 0.15 1
0.51295 0.54489 0.16 1
0.51295 0.54489 0.17 1
0.51295 0.54489 0.17 0
0.51295 0.54489 0.155 0
0.51295 0.54489 0.14 0
0.51295 0.54489 0.125 0
0.51295 0.54489 0.11 0
0.51295 0.54489 0.095 0
0.51295 0.54489 0.08 0
0.51295 0.54489 0.065 0
0.51295 0.54489 0.05 0
0.51295 0.54489 0.035 0
0.51295 0.54489 0.02 0
0.51295 0.54489 0.005 0
0.51295 0.54489 -0.01 0
0.51295 0.54489 -0.025 0
0.51295 0.54489 -0.04 0
0.51295 0.54489 -0.055 0
0.51295 0.54489 -0.07 0
0.51295 0.54489 -0.085 0
0.51295 0.54489 -0.1 0
0.51295 0.54489 -0.115 0
0.51295 0.54489 -0.13 0
0.51295 0.54489 -0.13 1
0.55269 0.59032 -0.125 1
0.59243 0.63575 -0.12 1
0.63217 0.68118 -0.115 1
0.6719 0.72661 -0.11 1
0.71164 0.77204 -0.105 1
0.75138 0.81747 -0.1 1
0.79112 0.8629 -0.095 1
0.83085 0.90833 -0.09 1
0.87059 0.95376 -0.085 1
0.91033 0.99919 -0.08 1
0.95007 1.0446 -0.075 1
0.9898 1.09 -0.07 1
1.0295 1.1355 -0.065 1
1.0693 1.1809 -0.06 1
1.109 1.2263 -0.055 1
1.1488 1.2718 -0.05 1
1.1885 1.3172 -0.045 1
1.2282 1.3626 -0.04 1
1.268 1.4081 -0.035 1
1.3077 1.4535 -0.03 1
1.3077 1.4535 -0.03 1
1.3077 1.4535 -0.02 1
1.3077 1.4535 -0.01 1
1.3077 1.4535 2.4286e-17 1
1.3077 1.4535 0.01 1
1.3077 1.4535 0.02 1
1.3077 1.4535 0.03 1
1.3077 1.4535 0.04 1
1.3077 1.4535 0.05 1
1.3077 1.4535 0.06 1
1.3077 1.4535 0.07 1
1.3077 1.4535 0.08 1
1.3077 1.4535 0.09 1
1.3077 1.4535 0.1 1
1.3077 1.4535 0.11 1
1.3077 1.4535 0.12 1
1.3077 1.4535 0.13 1
1.3077 1.4535 0.14 1
1.3077 1.4535 0.15 1
1.3077 1.4535 0.16 1
1.3077 1.4535 0.17 1
1.3077 1.4535 0.17 1
1.3077 1.4535 0.155 1
1.3077 1.4535 0.14 1
1.3077 1.4535 0.125 1
1.3077 1.4535 0.11 1
1.3077 1.4535 0.095 1
1.3077 1.4535 0.08 1
1.3077 1.4535 0.065 1
1.3077 1.4535 0.05 1
1.3077 1.4535 0.035 1
1.3077 1.4535 0.02 1
1.3077 1.4535 0.005 1
1.3077 1.4535 -0.01 1
1.3077 1.4535 -0.025 1
1.3077 1.4535 -0.04 1
1.3077 1.4535 -0.055 1
1.3077 1.4535 -0.07 1
1.3077 1.4535 -0.085 1
1.3077 1.4535 -0.1 1
1.3077 1.4535 -0.115 1
1.3077 1.4535 -0.13 1
1.3077 1.4535 -0.13 1
1.268 1.4621 -0.125 1
1.2283 1.4706 -0.12 1
1.1886 1.4792 -0.115 1
1.1488 1.4878 -0.11 1
1.1091 1.4963 -0.105 1
1.0694 1.5049 -0.1 1
1.0297 1.5135 -0.095 1
0.98998 1.522 -0.09 1
0.95027 1.5306 -0.085 1
0.91055 1.5392 -0.08 1
0.87084 1.5477 -0.075 1
0.83113 1.5563 -0.07 1
0.79141 1.5649 -0.065 1
0.7517 1.5734 -0.06 1
0.71198 1.582 -0.055 1
0.67227 1.5906 -0.05 1
0.63255 1.5991 -0.045 1
0.59284 1.6077 -0.04 1
0.55312 1.6163 -0.035 1
0.51341 1.6248 -0.03 1
0.51341 1.6248 -0.03 1
0.51341 1.6248 -0.023 1
0.51341 1.6248 -0.016 1
0.51341 1.6248 -0.009 1
0.51341 1.6248 -0.002 1
0.51341 1.6248 0.005 1
0.51341 1.6248 0.012 1
0.51341 1.6248 0.019 1
0.51341 1.6248 0.026 1
0.51341 1.6248 0.033 1
0.51341 1.6248 0.04 1
0.51341 1.6248 0.047 1
0.51341 1.6248 0.054 1
0.51341 1.6248 0.061 1
0.51341 1.6248 0.068 1
0.51341 1.6248 0.075 1
0.51341 1.6248 0.082 1
0.51341 1.6248 0.089 1
0.51341 1.6248 0.096 1
0.51341 1.6248 0.103 1
0.51341 1.6248 0.11 1
0.51341 1.6248 0.11 0
0.51341 1.6248 0.098 0
0.51341 1.6248 0.086 0
0.51341 1.6248 0.074 0
0.51341 1.6248 0.062 0
0.51341 1.6248 0.05 0
0.51341 1.6248 0.038 0
0.51341 1.6248 0.026 0
0.51341 1.6248 0.014 0
0.51341 1.6248 0.002 0
0.51341 1.6248 -0.01 0
0.51341 1.6248 -0.022 0
0.51341 1.6248 -0.034 0
0.51341 1.6248 -0.046 0
0.51341 1.6248 -0.058 0
0.51341 1.6248 -0.07 0
0.51341 1.6248 -0.082 0
0.51341 1.6248 -0.094 0
0.51341 1.6248 -0.106 0
0.51341 1.6248 -0.118 0
0.51341 1.6248 -0.13 0
0.51341 1.6248 -0.13 1
0.51339 1.5708 -0.125 1
0.51336 1.5168 -0.12 1
0.51334 1.4628 -0.115 1
0.51332 1.4088 -0.11 1
0.5133 1.3548 -0.105 1
0.51327 1.3008 -0.1 1
0.51325 1.2468 -0.095 1
0.51323 1.1928 -0.09 1
0.5132 1.1388 -0.085 1
0.51318 1.0849 -0.08 1
0.51316 1.0309 -0.075 1
0.51314 0.97686 -0.07 1
0.51311 0.92286 -0.065 1
0.51309 0.86887 -0.06 1
0.51307 0.81487 -0.055 1
0.51305 0.76087 -0.05 1
0.51302 0.70688 -0.045 1
0.513 0.65288 -0.04 1
0.51298 0.59888 -0.035 1
0.51295 0.54489 -0.03 1
0.51295 0.54489 -0.03 1
0.51295 0.54489 -0.02 1
0.51295 0.54489 -0.01 1
0.51295 0.54489 2.4286e-17 1
0.51295 0.54489 0.01 1
0.51295 0.54489 0.02 1
0.51295 0.54489 0.03 1
0.51295 0.54489 0.04 1
0.51295 0.54489 0.05 1
0.51295 0.54489 0.06 1
0.51295 0.54489 0.07 1
0.51295 0.54489 0.08 1
0.51295 0.54489 0.09 1
0.51295 0.54489 0.1 1
0.51295 0.54489 0.11 1
0.51295 0.54489 0.12 1
0.51295 0.54489 0.13 1
0.51295 0.54489 0.14 1
0.51295 0.54489 0.15 1
0.51295 0.54489 0.16 1
0.51295 0.54489 0.17 1
0.51295 0.54489 0.17 1
0.51295 0.54489 0.155 1
0.51295 0.54489 0.14 1
0.51295 0.54489 0.125 1
0.51295 0.54489 0.11 1
0.51295 0.54489 0.095 1
0.51295 0.54489 0.08 1
0.51295 0.54489 0.065 1
0.51295 0.54489 0.05 1
0.51295 0.54489 0.035 1
0.51295 0.54489 0.02 1
0.51295 0.54489 0.005 1
0.51295 0.54489 -0.01 1
0.51295 0.54489 -0.025 1
0.51295 0.54489 -0.04 1
0.51295 0.54489 -0.055 1
0.51295 0.54489 -0.07 1
0.51295 0.54489 -0.085 1
0.51295 0.54489 -0.1 1
0.51295 0.54489 -0.115 1
0.51295 0.54489 -0.13 1
0.51295 0.54489 -0.13 1
0.51298 0.59888 -0.125 1
0.513 0.65288 -0.12 1
0.51302 0.70688 -0.115 1
0.51305 0.76087 -0.11 1
0.51307 0.81487 -0.105 1
0.51309 0.86887 -0.1 1
0.51311 0.92286 -0.095 1
0.51314 0.97686 -0.09 1
0.51316 1.0309 -0.085 1
0.51318 1.0849 -0.08 1
0.5132 1.1388 -0.075 1
0.51323 1.1928 -0.07 1
0.51325 1.2468 -0.065 1
0.51327 1.3008 -0.06 1
0.5133 1.3548 -0.055 1
0.51332 1.4088 -0.05 1
0.51334 1.4628 -0.045 1
0.51336 1.5168 -0.04 1
0.51339 1.5708 -0.035 1
0.51341 1.6248 -0.03 1
0.51341 1.6248 -0.03 1
0.51341 1.6248 -0.0245 1
0.51341 1.6248 -0.019 1
0.51341 1.6248 -0.0135 1
0.51341 1.6248 -0.008 1
0.51341 1.6248 -0.0025 1
0.51341 1.6248 0.003 1
0.51341 1.6248 0.0085 1
0.51341 1.6248 0.014 1
0.51341 1.6248 0.0195 1
0.51341 1.6248 0.025 1
0.51341 1.6248 0.0305 1
0.51341 1.6248 0.036 1
0.51341 1.6248 0.0415 1
0.51341 1.6248 0.047 1
0.51341 1.6248 0.0525 1
0.51341 1.6248 0.058 1
0.51341 1.6248 0.0635 1
0.51341 1.6248 0.069 1
0.51341 1.6248 0.0745 1
0.51341 1.6248 0.08 1
0.51341 1.6248 0.08 0
0.51341 1.6248 0.0695 0
0.51341 1.6248 0.059 0
0.51341 1.6248 0.0485 0
0.51341 1.6248 0.038 0
0.51341 1.6248 0.0275 0
0.51341 1.6248 0.017 0
0.51341 1.6248 0.0065 0
0.51341 1.6248 -0.004 0
0.51341 1.6248 -0.0145 0
0.51341 1.6248 -0.025 0
0.51341 1.6248 -0.0355 0
0.51341 1.6248 -0.046 0
0.51341 1.6248 -0.0565 0
0.51341 1.6248 -0.067 0
0.51341 1.6248 -0.0775 0
0.51341 1.6248 -0.088 0
0.51341 1.6248 -0.0985 0
0.51341 1.6248 -0.109 0
0.51341 1.6248 -0.1195 0
0.51341 1.6248 -0.13 0
